              precision    recall  f1-score   support

           A       1.00      1.00      1.00        91
           B       1.00      1.00      1.00        88
           C       0.99      1.00      0.99        98
           D       0.99      1.00      0.99        99
           E       0.99      1.00      0.99        92
           F       1.00      1.00      1.00        98
           G       1.00      0.98      0.99        95
           H       0.99      1.00      0.99        96
           I       1.00      0.97      0.98        94
           J       0.97      1.00      0.98        89
           K       1.00      1.00      1.00       100
           L       1.00      0.99      0.99        87
           M       1.00      0.97      0.98        58
           N       0.97      1.00      0.99        33
           O       0.98      0.98      0.98        98
           P       0.99      0.99      0.99        99
           Q       1.00      1.00      1.00        96
           R       1.00      0.99      0.99        96
           S       0.99      1.00      1.00       100
           T       0.99      1.00      0.99        93
           U       0.98      0.98      0.98        91
           V       0.98      0.99      0.98        90
           W       1.00      0.99      0.99        82
           X       1.00      0.99      0.99        90
           Y       1.00      0.98      0.99        98
           Z       1.00      1.00      1.00        99
         del       0.97      0.99      0.98        75
       space       0.99      1.00      0.99        75

    accuracy                           0.99      2500
   macro avg       0.99      0.99      0.99      2500
weighted avg       0.99      0.99      0.99      2500
